,subject_text,verb_text,object_text,verb_lemmatized,subject_object_pair,Frequency
0,company,assembled,cars,assemble,company cars,6
1,company,assembles,cars,assemble,company cars,6
2,company,assembled,cars,assemble,company cars,6
3,company,assembled,cars,assemble,company cars,6
4,company,assembled,cars,assemble,company cars,6
5,company,assembling,cars,assemble,company cars,6
6,king,assembled,army,assemble,king army,5
7,plant,assembled,vehicles,assemble,plant vehicles,5
8,king,assembled,army,assemble,king army,5
9,plant,assembled,vehicles,assemble,plant vehicles,5
10,king,assembled,army,assemble,king army,5
11,plant,assembles,vehicles,assemble,plant vehicles,5
12,plant,assembled,vehicles,assemble,plant vehicles,5
13,plant,assembled,vehicles,assemble,plant vehicles,5
14,king,assembled,army,assemble,king army,5
15,king,assembled,army,assemble,king army,5
16,player,assembles,team,assemble,player team,4
17,player,assembles,team,assemble,player team,4
18,player,assembles,team,assemble,player team,4
19,player,assembles,team,assemble,player team,4
20,division,assembled,arrival,assemble,division arrival,3
21,company,assembles,vehicles,assemble,company vehicles,3
22,number,assembled,action,assemble,number action,3
23,government,assembled,force,assemble,government force,3
24,government,assembled,force,assemble,government force,3
25,division,assembled,arrival,assemble,division arrival,3
26,division,assembled,arrival,assemble,division arrival,3
27,force,assembled,aircraft,assemble,force aircraft,3
28,participants,assemble,teams,assemble,participants teams,3
29,company,assembled,vehicles,assemble,company vehicles,3
30,force,assembled,aircraft,assemble,force aircraft,3
31,nomads,assembled,princes,assemble,nomads princes,3
32,nomads,assembled,princes,assemble,nomads princes,3
33,duo,assembled,team,assemble,duo team,3
34,duo,assembled,team,assemble,duo team,3
35,duo,assembled,team,assemble,duo team,3
36,company,assembled,vehicles,assemble,company vehicles,3
37,nomads,assembled,princes,assemble,nomads princes,3
38,number,assembled,action,assemble,number action,3
39,sultan,assembled,army,assemble,sultan army,3
40,force,assembled,aircraft,assemble,force aircraft,3
41,participants,assemble,teams,assemble,participants teams,3
42,number,assembled,action,assemble,number action,3
43,sultan,assembled,army,assemble,sultan army,3
44,government,assembled,force,assemble,government force,3
45,participants,assemble,teams,assemble,participants teams,3
46,sultan,assembled,army,assemble,sultan army,3
47,crew,assembled,three,assemble,crew three,2
48,brother,assembled,collection,assemble,brother collection,2
49,couple,assembled,collection,assemble,couple collection,2
50,staff,assemble,pizza,assemble,staff pizza,2
51,commander,assembled,squadron,assemble,commander squadron,2
52,ministers,assembled,vote,assemble,ministers vote,2
53,force,assembled,waste,assemble,force waste,2
54,album,assembled,recordings,assemble,album recordings,2
55,club,assembled,squad,assemble,club squad,2
56,astronomers,assembled,photograph,assemble,astronomers photograph,2
57,emperor,assembled,ministers,assemble,emperor ministers,2
58,factory,assembled,units,assemble,factory units,2
59,book,assembled,work,assemble,book work,2
60,participants,assemble,team,assemble,participants team,2
61,book,assembles,work,assemble,book work,2
62,people,assembled,evening,assemble,people evening,2
63,thousands,assemble,homage,assemble,thousands homage,2
64,emperor,assembled,ministers,assemble,emperor ministers,2
65,colonists,assembled,expedition,assemble,colonists expedition,2
66,people,assembled,feast,assemble,people feast,2
67,players,assemble,teams,assemble,players teams,2
68,brother,assembled,collection,assemble,brother collection,2
69,locals,assembled,complaint,assemble,locals complaint,2
70,factory,assembled,copy,assemble,factory copy,2
71,king,assembled,host,assemble,king host,2
72,thousands,assemble,homage,assemble,thousands homage,2
73,company,assembled,products,assemble,company products,2
74,set,assembled,philosophies,assemble,set philosophies,2
75,set,assembled,philosophies,assemble,set philosophies,2
76,majesty,assembled,court,assemble,majesty court,2
77,crowd,assembled,man,assemble,crowd man,2
78,factory,assembled,copy,assemble,factory copy,2
79,citizens,assembled,tribe,assemble,citizens tribe,2
80,site,assembles,weapons,assemble,site weapons,2
81,government,assembled,coalition,assemble,government coalition,2
82,driver,assembled,scooter,assemble,driver scooter,2
83,site,assembles,weapons,assemble,site weapons,2
84,factories,assembled,models,assemble,factories models,2
85,teams,assemble,works,assemble,teams works,2
86,club,assembled,squad,assemble,club squad,2
87,peasantry,assembled,process,assemble,peasantry process,2
88,majesty,assembled,court,assemble,majesty court,2
89,show,assembled,works,assemble,show works,2
90,team,assembled,corpus,assemble,team corpus,2
91,player,assemble,pieces,assemble,player pieces,2
92,soldiers,assembled,rebels,assemble,soldiers rebels,2
93,member,assembled,cadets,assemble,member cadets,2
94,locals,assembled,complaint,assemble,locals complaint,2
95,division,assembled,brigades,assemble,division brigades,2
96,people,assembled,feast,assemble,people feast,2
97,two,assembled,team,assemble,two team,2
98,crowd,assembled,man,assemble,crowd man,2
99,mind,assembles,relationships,assemble,mind relationships,2
100,defenders,assembled,warships,assemble,defenders warships,2
101,works,assemble,borders,assemble,works borders,2
102,hero,assembles,crew,assemble,hero crew,2
103,album,assembles,recordings,assemble,album recordings,2
104,government,assembled,coalition,assemble,government coalition,2
105,film,assembled,cast,assemble,film cast,2
106,astronomers,assembled,photograph,assemble,astronomers photograph,2
107,team,assembled,corpus,assemble,team corpus,2
108,citizens,assembled,tribe,assemble,citizens tribe,2
109,show,assembled,works,assemble,show works,2
110,company,assembles,products,assemble,company products,2
111,people,assembled,evening,assemble,people evening,2
112,bomb,assembled,engineers,assemble,bomb engineers,2
113,bomb,assembled,engineers,assemble,bomb engineers,2
114,son,assembling,team,assemble,son team,2
115,band,assembled,album,assemble,band album,2
116,king,assembled,host,assemble,king host,2
117,soldiers,assembled,rebels,assemble,soldiers rebels,2
118,division,assembled,brigades,assemble,division brigades,2
119,teams,assemble,works,assemble,teams works,2
120,player,assemble,pieces,assemble,player pieces,2
121,band,assembled,river,assemble,band river,2
122,factory,assembled,vehicle,assemble,factory vehicle,2
123,driver,assembled,scooter,assemble,driver scooter,2
124,factory,assembles,vehicle,assemble,factory vehicle,2
125,players,assemble,teams,assemble,players teams,2
126,demonstrations,assembled,people,assemble,demonstrations people,2
127,factories,assemble,models,assemble,factories models,2
128,force,assembled,waste,assemble,force waste,2
129,works,assemble,borders,assemble,works borders,2
130,cardinals,assembled,proceedings,assemble,cardinals proceedings,2
131,band,assembled,album,assemble,band album,2
132,hero,assembles,crew,assemble,hero crew,2
133,peasantry,assembled,process,assemble,peasantry process,2
134,ministers,assembled,vote,assemble,ministers vote,2
135,staff,assemble,pizza,assemble,staff pizza,2
136,squadron,assembled,fire,assemble,squadron fire,2
137,crew,assembled,three,assemble,crew three,2
138,bodies,assembled,locomotives,assemble,bodies locomotives,2
139,bodies,assembled,locomotives,assemble,bodies locomotives,2
140,commander,assembled,squadron,assemble,commander squadron,2
141,painting,assembles,range,assemble,painting range,2
142,son,assembled,team,assemble,son team,2
143,colonists,assembled,expedition,assemble,colonists expedition,2
144,band,assembled,river,assemble,band river,2
145,pair,assembled,band,assemble,pair band,2
146,painting,assembles,range,assemble,painting range,2
147,demonstrations,assembled,people,assemble,demonstrations people,2
148,member,assembled,cadets,assemble,member cadets,2
149,defenders,assembled,warships,assemble,defenders warships,2
150,pair,assembled,band,assemble,pair band,2
151,mind,assembles,relationships,assemble,mind relationships,2
152,user,assemble,clips,assemble,user clips,2
153,user,assemble,clips,assemble,user clips,2
154,cardinals,assembled,proceedings,assemble,cardinals proceedings,2
155,participants,assemble,team,assemble,participants team,2
156,squadron,assembled,fire,assemble,squadron fire,2
157,couple,assembling,collection,assemble,couple collection,2
158,film,assembled,cast,assemble,film cast,2
159,two,assembled,team,assemble,two team,2
160,factory,assembled,units,assemble,factory units,2
161,locomotives,assemble,trains,assemble,locomotives trains,1
162,citizens,assembled,force,assemble,citizens force,1
163,segment,assemble,data,assemble,segment data,1
164,players,assemble,days,assemble,players days,1
165,accomplishments,assembled,team,assemble,accomplishments team,1
166,militia,assembled,four,assemble,militia four,1
167,work,assembles,group,assemble,work group,1
168,contestants,assemble,announcement,assemble,contestants announcement,1
169,shareholders,assemble,share,assemble,shareholders share,1
170,book,assembles,research,assemble,book research,1
171,debut,assembled,core,assemble,debut core,1
172,band,assembled,office,assemble,band office,1
173,customer,assembles,furniture,assemble,customer furniture,1
174,vigilantes,assembled,force,assemble,vigilantes force,1
175,firm,assembled,team,assemble,firm team,1
176,regiment,assembled,sailing,assemble,regiment sailing,1
177,team,assembled,seasons,assemble,team seasons,1
178,photographers,assembled,photographs,assemble,photographers photographs,1
179,players,assemble,team,assemble,players team,1
180,people,assembling,collections,assemble,people collections,1
181,album,assembled,publisher,assemble,album publisher,1
182,project,assembled,team,assemble,project team,1
183,factory,assembled,all,assemble,factory all,1
184,pirates,assembled,group,assemble,pirates group,1
185,locomotives,assemble,coaches,assemble,locomotives coaches,1
186,people,assembled,way,assemble,people way,1
187,company,assembled,smartphone,assemble,company smartphone,1
188,book,assembles,information,assemble,book information,1
189,viewers,assemble,team,assemble,viewers team,1
190,cell,assemble,viruses,assemble,cell viruses,1
191,project,assembles,partners,assemble,project partners,1
192,year,assembled,army,assemble,year army,1
193,party,assemble,weapons,assemble,party weapons,1
194,annotates,assembled,transcripts,assemble,annotates transcripts,1
195,militia,assembled,fire,assemble,militia fire,1
196,members,assemble,pieces,assemble,members pieces,1
197,organization,assembled,campaigners,assemble,organization campaigners,1
198,brother,assemble,artists,assemble,brother artists,1
199,label,assembled,recordings,assemble,label recordings,1
200,narrator,assembles,props,assemble,narrator props,1
201,generation,assembled,obeisance,assemble,generation obeisance,1
202,technology,assembles,technologies,assemble,technology technologies,1
203,committee,assembled,squad,assemble,committee squad,1
204,origin,assembled,armies,assemble,origin armies,1
205,all,assembled,compilers,assemble,all compilers,1
206,album,assembled,best,assemble,album best,1
207,kings,assembled,armies,assemble,kings armies,1
208,figure,assembled,three,assemble,figure three,1
209,clubhouse,assembled,onsite,assemble,clubhouse onsite,1
210,delivery,assembled,aircraft,assemble,delivery aircraft,1
211,organization,assembled,councils,assemble,organization councils,1
212,airplanes,assembled,onsite,assemble,airplanes onsite,1
213,scrolls,assembled,glass,assemble,scrolls glass,1
214,women,assembled,panties,assemble,women panties,1
215,court,assembles,soiree,assemble,court soiree,1
216,men,assembled,militia,assemble,men militia,1
217,school,assemble,access,assemble,school access,1
218,variations,assemble,phrases,assemble,variations phrases,1
219,players,assemble,warband,assemble,players warband,1
220,friend,assembled,members,assemble,friend members,1
221,trophy,assembled,maker,assemble,trophy maker,1
222,people,assemble,boats,assemble,people boats,1
223,one,assembles,team,assemble,one team,1
224,city,assembled,buses,assemble,city buses,1
225,artist,assembled,fair,assemble,artist fair,1
226,person,assemble,box,assemble,person box,1
227,school,assembled,handful,assemble,school handful,1
228,team,assembled,systems,assemble,team systems,1
229,team,assembled,bicycles,assemble,team bicycles,1
230,series,assembled,parts,assemble,series parts,1
231,brotherhood,assembled,library,assemble,brotherhood library,1
232,parliament,assembled,army,assemble,parliament army,1
233,men,assembled,dice,assemble,men dice,1
234,guards,assembled,clergy,assemble,guards clergy,1
235,facility,assembles,models,assemble,facility models,1
236,dock,assembled,locomotive,assemble,dock locomotive,1
237,group,assembled,route,assemble,group route,1
238,publications,assembled,user,assemble,publications user,1
239,girlfriends,assemble,bed,assemble,girlfriends bed,1
240,commander,assembled,expedition,assemble,commander expedition,1
241,factory,assembled,machines,assemble,factory machines,1
242,daughter,assembled,footage,assemble,daughter footage,1
243,men,assembled,objective,assemble,men objective,1
244,commission,assembled,fact,assemble,commission fact,1
245,people,assembled,consecutive,assemble,people consecutive,1
246,people,assembled,demonstration,assemble,people demonstration,1
247,members,assembled,boat,assemble,members boat,1
248,rival,assembled,team,assemble,rival team,1
249,sons,assembled,code,assemble,sons code,1
250,group,assembled,society,assemble,group society,1
251,player,assembles,party,assemble,player party,1
252,city,assembled,team,assemble,city team,1
253,images,assembled,team,assemble,images team,1
254,monk,assembled,crowds,assemble,monk crowds,1
255,duo,assembled,album,assemble,duo album,1
256,branch,assembled,cars,assemble,branch cars,1
257,persons,assembled,appearance,assemble,persons appearance,1
258,friend,assembled,posse,assemble,friend posse,1
259,cones,assemble,discs,assemble,cones discs,1
260,earls,assembled,men,assemble,earls men,1
261,creators,assemble,costumes,assemble,creators costumes,1
262,mayor,assembled,group,assemble,mayor group,1
263,man,assembled,congregation,assemble,man congregation,1
264,communities,assembled,group,assemble,communities group,1
265,funeral,assembled,number,assemble,funeral number,1
266,company,assembles,teams,assemble,company teams,1
267,flagella,assembled,motion,assemble,flagella motion,1
268,diners,assemble,rolls,assemble,diners rolls,1
269,troop,assembled,place,assemble,troop place,1
270,king,assembled,force,assemble,king force,1
271,troops,assemble,distribution,assemble,troops distribution,1
272,successor,assembled,cabinet,assemble,successor cabinet,1
273,company,assembled,one,assemble,company one,1
274,show,assembles,artists,assemble,show artists,1
275,magazine,assembled,team,assemble,magazine team,1
276,player,assemble,formations,assemble,player formations,1
277,fans,assemble,time,assemble,fans time,1
278,teams,assembled,profiles,assemble,teams profiles,1
279,two,assembled,darkroom,assemble,two darkroom,1
280,band,assembled,track,assemble,band track,1
281,king,assembled,warriors,assemble,king warriors,1
282,players,assemble,kind,assemble,players kind,1
283,relatives,assemble,place,assemble,relatives place,1
284,knights,assembled,expenditures,assemble,knights expenditures,1
285,rest,assembled,group,assemble,rest group,1
286,council,assembled,bishops,assemble,council bishops,1
287,owners,assembled,dredge,assemble,owners dredge,1
288,user,assembles,tree,assemble,user tree,1
289,crowd,assembled,feet,assemble,crowd feet,1
290,governor,assembled,cavalry,assemble,governor cavalry,1
291,gearhub,assembled,hand,assemble,gearhub hand,1
292,count,assembled,articles,assemble,count articles,1
293,prison,assembles,components,assemble,prison components,1
294,grandson,assembled,footage,assemble,grandson footage,1
295,alliance,assembled,thousands,assemble,alliance thousands,1
296,forces,assembled,efforts,assemble,forces efforts,1
297,members,assembled,list,assemble,members list,1
298,producer,assembled,version,assemble,producer version,1
299,studio,assembled,designs,assemble,studio designs,1
300,physician,assembled,team,assemble,physician team,1
301,invasion,assembled,army,assemble,invasion army,1
302,peaks,assembled,lightnings,assemble,peaks lightnings,1
303,vehicles,assembles,products,assemble,vehicles products,1
304,film,assembles,case,assemble,film case,1
305,editors,assembled,group,assemble,editors group,1
306,nephew,assembled,collection,assemble,nephew collection,1
307,part,assembled,situations,assemble,part situations,1
308,doctors,assemble,device,assemble,doctors device,1
309,show,assembles,group,assemble,show group,1
310,ironworkers,assemble,structures,assemble,ironworkers structures,1
311,two,assembled,bomb,assemble,two bomb,1
312,women,assemble,beads,assemble,women beads,1
313,clubs,assembled,sections,assemble,clubs sections,1
314,navy,assembled,force,assemble,navy force,1
315,group,assembles,costumes,assemble,group costumes,1
316,name,assembled,experience,assemble,name experience,1
317,defense,assembled,devices,assemble,defense devices,1
318,hatchback,assembled,import,assemble,hatchback import,1
319,masses,assembled,north,assemble,masses north,1
320,vehicles,assembled,customer,assemble,vehicles customer,1
321,concept,assembled,pregivens,assemble,concept pregivens,1
322,challenge,assembling,components,assemble,challenge components,1
323,cardinals,assembled,member,assemble,cardinals member,1
324,congress,assembles,leaders,assemble,congress leaders,1
325,colonists,assemble,bed,assemble,colonists bed,1
326,production,assembles,bunch,assemble,production bunch,1
327,king,assembled,number,assemble,king number,1
328,hands,assembled,everything,assemble,hands everything,1
329,troopers,assemble,evening,assemble,troopers evening,1
330,two,assembled,forces,assemble,two forces,1
331,pretender,assembled,army,assemble,pretender army,1
332,brands,assemble,teams,assemble,brands teams,1
333,session,assembled,methods,assemble,session methods,1
334,two,assemble,state,assemble,two state,1
335,aircraft,assembled,weeks,assemble,aircraft weeks,1
336,companies,assembled,kits,assemble,companies kits,1
337,plant,assembled,mixture,assemble,plant mixture,1
338,forces,assemble,battle,assemble,forces battle,1
339,commander,assembled,battalions,assemble,commander battalions,1
340,players,assemble,notebooks,assemble,players notebooks,1
341,day,assembled,army,assemble,day army,1
342,project,assembled,crew,assemble,project crew,1
343,player,assembles,arsenal,assemble,player arsenal,1
344,crowds,assembled,rosary,assemble,crowds rosary,1
345,mosaics,assembled,piece,assemble,mosaics piece,1
346,mother,assembles,family,assemble,mother family,1
347,troops,assembled,southwest,assemble,troops southwest,1
348,college,assembled,liberty,assemble,college liberty,1
349,team,assembled,everything,assemble,team everything,1
350,company,assembling,profile,assemble,company profile,1
351,collection,assembled,century,assemble,collection century,1
352,collection,assembles,writings,assemble,collection writings,1
353,minister,assembled,army,assemble,minister army,1
354,knight,assemble,army,assemble,knight army,1
355,sum,assembles,ranking,assemble,sum ranking,1
356,company,assemble,materials,assemble,company materials,1
357,foundation,assembled,collections,assemble,foundation collections,1
358,brief,assembled,evidence,assemble,brief evidence,1
359,videos,assemble,frame,assemble,videos frame,1
360,peasants,assembled,detachment,assemble,peasants detachment,1
361,movement,assembled,machine,assemble,movement machine,1
362,computer,assembles,bridge,assemble,computer bridge,1
363,unit,assembled,devices,assemble,unit devices,1
364,mob,assembled,body,assemble,mob body,1
365,canvases,assemble,pieces,assemble,canvases pieces,1
366,volume,assembles,work,assemble,volume work,1
367,mentor,assembles,company,assemble,mentor company,1
368,project,assembles,commentaries,assemble,project commentaries,1
369,players,assemble,collections,assemble,players collections,1
370,committee,assembled,records,assemble,committee records,1
371,company,assembled,trams,assemble,company trams,1
372,group,assembled,show,assemble,group show,1
373,heroes,assemble,device,assemble,heroes device,1
374,police,assembled,taskforce,assemble,police taskforce,1
375,specialists,assembled,segments,assemble,specialists segments,1
376,police,assembled,remains,assemble,police remains,1
377,maître,assembles,contributions,assemble,maître contributions,1
378,cameras,assemble,facts,assemble,cameras facts,1
379,exhibition,assembled,moments,assemble,exhibition moments,1
380,workers,assembled,team,assemble,workers team,1
381,teams,assembled,pieces,assemble,teams pieces,1
382,festival,assembles,artists,assemble,festival artists,1
383,succession,assembled,pilots,assemble,succession pilots,1
384,couple,assembled,equipment,assemble,couple equipment,1
385,ruler,assembled,alliance,assemble,ruler alliance,1
386,congress,assembled,delegates,assemble,congress delegates,1
387,emperor,assembled,troops,assemble,emperor troops,1
388,mob,assembled,matters,assemble,mob matters,1
389,division,assembled,city,assemble,division city,1
390,people,assembled,homage,assemble,people homage,1
391,troops,assembled,border,assemble,troops border,1
392,team,assemble,vehicle,assemble,team vehicle,1
393,personnel,assemble,appointment,assemble,personnel appointment,1
394,segment,assembled,facts,assemble,segment facts,1
395,conceived,assembled,team,assemble,conceived team,1
396,barons,assembled,consecration,assemble,barons consecration,1
397,host,assembled,prayers,assemble,host prayers,1
398,parents,assembled,library,assemble,parents library,1
399,people,assembled,harm,assemble,people harm,1
400,team,assembled,stars,assemble,team stars,1
401,player,assembles,menu,assemble,player menu,1
402,work,assembled,products,assemble,work products,1
403,objects,assembled,onsite,assemble,objects onsite,1
404,note,assembles,concerts,assemble,note concerts,1
405,clerics,assembled,heresy,assemble,clerics heresy,1
406,owner,assembled,show,assemble,owner show,1
407,government,assembled,tribunal,assemble,government tribunal,1
408,command,assembled,reserves,assemble,command reserves,1
409,latter,assembled,army,assemble,latter army,1
410,mother,assembled,documents,assemble,mother documents,1
411,enterprise,assemble,dock,assemble,enterprise dock,1
412,army,assembled,soldiers,assemble,army soldiers,1
413,mob,assembled,house,assemble,mob house,1
414,guide,assembled,timetables,assemble,guide timetables,1
415,leader,assembles,one,assemble,leader one,1
416,book,assembles,talents,assemble,book talents,1
417,brother,assembled,troop,assemble,brother troop,1
418,government,assembled,taskforce,assemble,government taskforce,1
419,edition,assembles,collections,assemble,edition collections,1
420,emperor,assembles,court,assemble,emperor court,1
421,efforts,assembled,team,assemble,efforts team,1
422,recognition,assembled,network,assemble,recognition network,1
423,supporters,assembled,letter,assemble,supporters letter,1
424,editor,assemble,sequence,assemble,editor sequence,1
425,throng,assembled,execution,assemble,throng execution,1
426,people,assembled,ceremonies,assemble,people ceremonies,1
427,unit,assembles,times,assemble,unit times,1
428,men,assembled,district,assemble,men district,1
429,ventures,assembled,collections,assemble,ventures collections,1
430,band,assembled,selection,assemble,band selection,1
431,fans,assembled,petition,assemble,fans petition,1
432,participants,assembled,way,assemble,participants way,1
433,professor,assembles,team,assemble,professor team,1
434,groups,assembled,one,assemble,groups one,1
435,crews,assembled,inclination,assemble,crews inclination,1
436,actuaries,assemble,data,assemble,actuaries data,1
437,princess,assembles,army,assemble,princess army,1
438,governor,assembled,forces,assemble,governor forces,1
439,bishops,assembled,people,assemble,bishops people,1
440,nature,assemble,versions,assemble,nature versions,1
441,devotees,assemble,homage,assemble,devotees homage,1
442,node,assembles,information,assemble,node information,1
443,parties,assemble,teams,assemble,parties teams,1
444,duo,assembled,boards,assemble,duo boards,1
445,number,assembled,teams,assemble,number teams,1
446,members,assembled,allegation,assemble,members allegation,1
447,tribes,assemble,army,assemble,tribes army,1
448,systems,assemble,copies,assemble,systems copies,1
449,editors,assembling,film,assemble,editors film,1
450,company,assembles,aircraft,assemble,company aircraft,1
451,adherents,assemble,rites,assemble,adherents rites,1
452,workers,assembled,number,assemble,workers number,1
453,agent,assembled,group,assemble,agent group,1
454,convention,assembled,committee,assemble,convention committee,1
455,enemies,assembled,coalition,assemble,enemies coalition,1
456,thousands,assembled,vigil,assemble,thousands vigil,1
457,letter,assemble,warriors,assemble,letter warriors,1
458,statue,assembled,supplier,assemble,statue supplier,1
459,members,assembled,ideas,assemble,members ideas,1
460,community,assembled,department,assemble,community department,1
461,volunteers,assembling,stage,assemble,volunteers stage,1
462,king,assembled,generals,assemble,king generals,1
463,king,assembled,council,assemble,king council,1
464,field,assembled,favourite,assemble,field favourite,1
465,king,assembled,nobles,assemble,king nobles,1
466,fragments,assembled,part,assemble,fragments part,1
467,wall,assembled,members,assemble,wall members,1
468,humiliation,assembled,conflicts,assemble,humiliation conflicts,1
469,communities,assemble,pieces,assemble,communities pieces,1
470,ability,assemble,album,assemble,ability album,1
471,organization,assembled,roster,assemble,organization roster,1
472,program,assembled,unit,assemble,program unit,1
473,deals,assembles,incarnation,assemble,deals incarnation,1
474,series,assembled,list,assemble,series list,1
475,text,assembles,writings,assemble,text writings,1
476,convicts,assembled,ladder,assemble,convicts ladder,1
477,parts,assembled,game,assemble,parts game,1
478,body,assembles,members,assemble,body members,1
479,all,assembled,people,assemble,all people,1
480,contracts,assembles,watches,assemble,contracts watches,1
481,book,assembles,contributions,assemble,book contributions,1
482,government,assembled,cartridges,assemble,government cartridges,1
483,player,assembles,deck,assemble,player deck,1
484,expedition,assembled,force,assemble,expedition force,1
485,pair,assembled,selections,assemble,pair selections,1
486,man,assembled,copies,assemble,man copies,1
487,people,assembled,recite,assemble,people recite,1
488,largest,assembled,favourite,assemble,largest favourite,1
489,company,assemble,laboratories,assemble,company laboratories,1
490,body,assembled,varied,assemble,body varied,1
491,kit,assembled,workers,assemble,kit workers,1
492,militia,assembled,fighters,assemble,militia fighters,1
493,plant,assembled,cars,assemble,plant cars,1
494,group,assembled,group,assemble,group group,1
495,convoy,assembles,sail,assemble,convoy sail,1
496,men,assembled,film,assemble,men film,1
497,officers,assembled,system,assemble,officers system,1
498,directors,assembled,collection,assemble,directors collection,1
499,library,assembled,one,assemble,library one,1
500,sculpture,assembled,team,assemble,sculpture team,1
501,hoses,assemble,possibility,assemble,hoses possibility,1
502,team,assembled,number,assemble,team number,1
503,chieftain,assembled,representatives,assemble,chieftain representatives,1
504,band,assembled,covers,assemble,band covers,1
505,people,assembled,respects,assemble,people respects,1
506,bones,assembled,taxidermist,assemble,bones taxidermist,1
507,report,assembles,information,assemble,report information,1
508,general,assembled,leaders,assemble,general leaders,1
509,mantelpieces,assembled,company,assemble,mantelpieces company,1
510,part,assemble,squad,assemble,part squad,1
511,general,assembled,troops,assemble,general troops,1
512,university,assembled,board,assemble,university board,1
513,filmmakers,assembled,most,assemble,filmmakers most,1
514,sister,assemble,laboratory,assemble,sister laboratory,1
515,algorithms,assemble,personas,assemble,algorithms personas,1
516,man,assembles,group,assemble,man group,1
517,people,assembled,amendments,assemble,people amendments,1
518,teams,assemble,beds,assemble,teams beds,1
519,car,assembled,ways,assemble,car ways,1
520,collection,assembled,years,assemble,collection years,1
521,peasants,assembled,city,assemble,peasants city,1
522,exhibition,assembled,paintings,assemble,exhibition paintings,1
523,player,assembles,group,assemble,player group,1
524,group,assembled,strength,assemble,group strength,1
525,men,assemble,community,assemble,men community,1
526,players,assemble,armies,assemble,players armies,1
527,command,assembled,files,assemble,command files,1
528,shadow,assembles,mob,assemble,shadow mob,1
529,panel,assembled,way,assemble,panel way,1
530,esotericists,assembled,evidence,assemble,esotericists evidence,1
531,group,assembled,place,assemble,group place,1
532,republics,assembled,fleets,assemble,republics fleets,1
533,praise,assemble,device,assemble,praise device,1
534,family,assembles,daughter,assemble,family daughter,1
535,agency,assembled,team,assemble,agency team,1
536,proteins,assembled,ribosomes,assemble,proteins ribosomes,1
537,seamstresses,assembled,costume,assemble,seamstresses costume,1
538,dissolution,assembled,volunteers,assemble,dissolution volunteers,1
539,crew,assemble,bomb,assemble,crew bomb,1
540,divisions,assembled,fighters,assemble,divisions fighters,1
541,supporters,assembled,troops,assemble,supporters troops,1
542,materials,assembled,workers,assemble,materials workers,1
543,humanity,assembles,team,assemble,humanity team,1
544,governors,assembled,retinues,assemble,governors retinues,1
545,government,assembled,reinforcements,assemble,government reinforcements,1
546,general,assembled,column,assemble,general column,1
547,creator,assembled,cast,assemble,creator cast,1
548,tribe,assemble,puzzle,assemble,tribe puzzle,1
549,fumu,assembled,provision,assemble,fumu provision,1
550,governors,assembled,records,assemble,governors records,1
551,wraps,assembled,volunteers,assemble,wraps volunteers,1
552,manufacturer,assembled,trucks,assemble,manufacturer trucks,1
553,enzymes,assemble,model,assemble,enzymes model,1
554,group,assembled,trebuchet,assemble,group trebuchet,1
555,government,assembles,forces,assemble,government forces,1
556,engineers,assembled,copies,assemble,engineers copies,1
557,players,assemble,items,assemble,players items,1
558,plater,assembles,product,assemble,plater product,1
559,workers,assemble,structures,assemble,workers structures,1
560,attempts,assembles,suit,assemble,attempts suit,1
561,developer,assembled,several,assemble,developer several,1
562,committee,assembled,reproductions,assemble,committee reproductions,1
563,men,assembled,board,assemble,men board,1
564,crew,assembled,installation,assemble,crew installation,1
565,battalion,assembled,junction,assemble,battalion junction,1
566,maids,assemble,headdress,assemble,maids headdress,1
567,postmaster,assembled,group,assemble,postmaster group,1
568,regiment,assembled,most,assemble,regiment most,1
569,conflict,assembled,call,assemble,conflict call,1
570,protein,assembles,protein,assemble,protein protein,1
571,women,assembling,cartridges,assemble,women cartridges,1
572,son,assembled,coalition,assemble,son coalition,1
573,unit,assembled,files,assemble,unit files,1
574,counsel,assemble,facts,assemble,counsel facts,1
575,team,assembled,play,assemble,team play,1
576,special,assembled,list,assemble,special list,1
577,show,assembled,instances,assemble,show instances,1
578,army,assembled,city,assemble,army city,1
579,wife,assembled,contingent,assemble,wife contingent,1
580,perpetrators,assembling,victims,assemble,perpetrators victims,1
581,fleet,assembled,attack,assemble,fleet attack,1
582,vectors,assemble,vectors,assemble,vectors vectors,1
583,leaders,assembled,laying,assemble,leaders laying,1
584,viceroy,assemble,forces,assemble,viceroy forces,1
585,individual,assembles,cues,assemble,individual cues,1
586,university,assembles,committee,assemble,university committee,1
587,students,assemble,display,assemble,students display,1
588,groups,assemble,blob,assemble,groups blob,1
589,company,assembled,team,assemble,company team,1
590,team,assembled,specimens,assemble,team specimens,1
591,enterprises,assembled,numbers,assemble,enterprises numbers,1
592,governor,assembled,commission,assemble,governor commission,1
593,gunfighters,assembled,rival,assemble,gunfighters rival,1
594,crusaders,assembled,army,assemble,crusaders army,1
595,modules,assembled,crane,assemble,modules crane,1
596,player,assembles,bug,assemble,player bug,1
597,members,assembled,bid,assemble,members bid,1
598,people,assembled,organisation,assemble,people organisation,1
599,brothers,assembled,material,assemble,brothers material,1
600,team,assembled,plane,assemble,team plane,1
601,founders,assembled,collection,assemble,founders collection,1
602,band,assembled,team,assemble,band team,1
603,government,assembles,team,assemble,government team,1
604,coopers,assemble,casks,assemble,coopers casks,1
605,models,assembled,recruitment,assemble,models recruitment,1
606,students,assembled,outrage,assemble,students outrage,1
607,kind,assembles,fleet,assemble,kind fleet,1
608,operations,assembled,car,assemble,operations car,1
609,parts,assembled,soldering,assemble,parts soldering,1
610,product,assembled,songs,assemble,product songs,1
611,commander,assembled,men,assemble,commander men,1
612,department,assembled,springs,assemble,department springs,1
613,signs,assemble,signs,assemble,signs signs,1
614,factory,assembles,vehicles,assemble,factory vehicles,1
615,philosopher,assembled,canon,assemble,philosopher canon,1
616,chancellor,assembled,forces,assemble,chancellor forces,1
617,cities,assembled,years,assemble,cities years,1
618,wife,assembled,team,assemble,wife team,1
619,people,assemble,bonfire,assemble,people bonfire,1
620,founder,assembled,group,assemble,founder group,1
621,king,assembled,clergy,assemble,king clergy,1
622,crews,assembled,wings,assemble,crews wings,1
623,troops,assembled,troops,assemble,troops troops,1
624,all,assembled,hand,assemble,all hand,1
625,book,assembled,writings,assemble,book writings,1
626,team,assembled,fire,assemble,team fire,1
627,player,assembles,clan,assemble,player clan,1
628,commander,assembled,army,assemble,commander army,1
629,congregation,assembled,accident,assemble,congregation accident,1
630,group,assembled,half,assemble,group half,1
631,economist,assembled,group,assemble,economist group,1
632,governor,assembled,army,assemble,governor army,1
633,gunfighters,assemble,settler,assemble,gunfighters settler,1
634,convention,assembled,place,assemble,convention place,1
635,students,assemble,identity,assemble,students identity,1
636,laboratory,assembled,computer,assemble,laboratory computer,1
637,college,assembled,cars,assemble,college cars,1
638,team,assembled,list,assemble,team list,1
639,company,assembled,equipment,assemble,company equipment,1
640,citizens,assembled,dissolution,assemble,citizens dissolution,1
641,teams,assembled,car,assemble,teams car,1
642,proposal,assembled,discoveries,assemble,proposal discoveries,1
643,club,assembled,one,assemble,club one,1
644,arsenal,assembled,aircraft,assemble,arsenal aircraft,1
645,presence,assembled,mutants,assemble,presence mutants,1
646,company,assembled,range,assemble,company range,1
647,surveys,assembled,collection,assemble,surveys collection,1
648,group,assembled,weapons,assemble,group weapons,1
649,duo,assembled,party,assemble,duo party,1
650,company,assemble,prototypes,assemble,company prototypes,1
651,process,assembles,events,assemble,process events,1
652,emperor,assembled,army,assemble,emperor army,1
653,government,assembled,army,assemble,government army,1
654,volume,assembles,majority,assemble,volume majority,1
655,leg,assembled,band,assemble,leg band,1
656,meeting,assembled,place,assemble,meeting place,1
657,rest,assembles,mosaic,assemble,rest mosaic,1
658,couple,assembled,group,assemble,couple group,1
659,prosecution,assembled,case,assemble,prosecution case,1
660,manager,assembled,talent,assemble,manager talent,1
661,father,assembled,team,assemble,father team,1
662,sister,assembled,collection,assemble,sister collection,1
663,band,assembled,debut,assemble,band debut,1
664,captain,assembles,crew,assemble,captain crew,1
665,airboats,assembled,contractors,assemble,airboats contractors,1
666,player,assembles,portraits,assemble,player portraits,1
667,propositions,assembled,successor,assemble,propositions successor,1
668,players,assemble,ships,assemble,players ships,1
669,craftsmen,assembled,product,assemble,craftsmen product,1
670,cars,assembled,whole,assemble,cars whole,1
671,number,assembled,collection,assemble,number collection,1
672,company,assembled,collection,assemble,company collection,1
673,commanders,assembled,squadron,assemble,commanders squadron,1
674,expedition,assembled,collection,assemble,expedition collection,1
675,report,assembles,evidence,assemble,report evidence,1
676,emperor,assembled,corps,assemble,emperor corps,1
677,coachbuilders,assemble,bodies,assemble,coachbuilders bodies,1
678,collisions,assembled,continent,assemble,collisions continent,1
679,owners,assembled,team,assemble,owners team,1
680,parts,assembled,site,assemble,parts site,1
681,uncle,assembled,team,assemble,uncle team,1
682,nobility,assembled,rebels,assemble,nobility rebels,1
683,detachment,assembled,sections,assemble,detachment sections,1
684,founders,assembled,faculty,assemble,founders faculty,1
685,iHeartMedia,assembled,trimulcast,assemble,iHeartMedia trimulcast,1
686,empire,assembled,force,assemble,empire force,1
687,organisers,assembled,field,assemble,organisers field,1
688,study,assembled,transcriptome,assemble,study transcriptome,1
689,encapsulation,assembles,information,assemble,encapsulation information,1
690,dogs,assemble,video,assemble,dogs video,1
691,number,assembled,perform,assemble,number perform,1
692,holders,assembled,materials,assemble,holders materials,1
693,navy,assembled,armada,assemble,navy armada,1
694,unit,assembles,units,assemble,unit units,1
695,officials,assembled,declaration,assemble,officials declaration,1
696,kinetochore,assembles,chromosome,assemble,kinetochore chromosome,1
697,team,assembled,demonstration,assemble,team demonstration,1
698,procession,assembled,arrival,assemble,procession arrival,1
699,output,assembled,tapes,assemble,output tapes,1
700,event,assemble,costumes,assemble,event costumes,1
701,pair,assembled,team,assemble,pair team,1
702,community,assembled,hundreds,assemble,community hundreds,1
703,teenagers,assemble,figures,assemble,teenagers figures,1
704,most,assembled,march,assemble,most march,1
705,album,assembles,moments,assemble,album moments,1
706,first,assembled,women,assemble,first women,1
707,descendant,assembled,sections,assemble,descendant sections,1
708,candidates,assembled,name,assemble,candidates name,1
709,wife,assembled,portions,assemble,wife portions,1
710,company,assembled,computers,assemble,company computers,1
711,section,assembles,collection,assemble,section collection,1
712,artist,assembles,bodies,assemble,artist bodies,1
713,cookbook,assembled,recipes,assemble,cookbook recipes,1
714,court,assembled,army,assemble,court army,1
715,army,assembled,brother,assemble,army brother,1
716,tribe,assembled,evidence,assemble,tribe evidence,1
717,group,assembled,types,assemble,group types,1
718,evaluators,assembled,list,assemble,evaluators list,1
719,employers,assembled,band,assemble,employers band,1
720,mayor,assembles,men,assemble,mayor men,1
721,governess,assembled,collection,assemble,governess collection,1
722,portrait,assembles,ingredients,assemble,portrait ingredients,1
723,teams,assembled,seasons,assemble,teams seasons,1
724,composer,assembled,suite,assemble,composer suite,1
725,users,assemble,all,assemble,users all,1
726,contractor,assembled,probe,assemble,contractor probe,1
727,guns,assembled,stock,assemble,guns stock,1
728,bureaucrats,assembled,army,assemble,bureaucrats army,1
729,death,assembled,volume,assemble,death volume,1
730,gods,assembled,things,assemble,gods things,1
731,engineers,assemble,aircraft,assemble,engineers aircraft,1
732,chromosomes,assembled,genome,assemble,chromosomes genome,1
733,proteins,assemble,structure,assemble,proteins structure,1
734,author,assembles,list,assemble,author list,1
735,applications,assembled,data,assemble,applications data,1
736,arts,assembled,materials,assemble,arts materials,1
737,king,assembled,one,assemble,king one,1
738,editors,assemble,scenes,assemble,editors scenes,1
739,spymaster,assembled,case,assemble,spymaster case,1
740,group,assembled,deities,assemble,group deities,1
741,community,assembled,remainder,assemble,community remainder,1
742,facility,assembled,range,assemble,facility range,1
743,three,assembled,bastion,assemble,three bastion,1
744,novel,assemble,beasts,assemble,novel beasts,1
745,cultures,assembled,artifacts,assemble,cultures artifacts,1
746,curator,assembles,vignettes,assemble,curator vignettes,1
747,brigade,assembled,training,assemble,brigade training,1
748,church,assembled,house,assemble,church house,1
749,group,assembled,changes,assemble,group changes,1
750,proteins,assembled,nanometers,assemble,proteins nanometers,1
751,pastors,assembled,creed,assemble,pastors creed,1
752,president,assembled,mob,assemble,president mob,1
753,commission,assembled,committee,assemble,commission committee,1
754,algorithm,assembles,substructures,assemble,algorithm substructures,1
755,goldsmiths,assemble,pieces,assemble,goldsmiths pieces,1
756,members,assembled,bomb,assemble,members bomb,1
757,team,assembled,volunteers,assemble,team volunteers,1
758,authorities,assembled,brigades,assemble,authorities brigades,1
759,factory,assembled,member,assemble,factory member,1
760,protesters,assembled,downtown,assemble,protesters downtown,1
761,archers,assembled,arrows,assemble,archers arrows,1
762,contingent,assembled,opposition,assemble,contingent opposition,1
763,concerns,assembled,reporting,assemble,concerns reporting,1
764,gang,assembled,name,assemble,gang name,1
765,whoever,assembled,issues,assemble,whoever issues,1
766,number,assembled,speech,assemble,number speech,1
767,allies,assembled,army,assemble,allies army,1
768,cell,assembles,lorica,assemble,cell lorica,1
769,admirals,assembled,squadron,assemble,admirals squadron,1
770,child,assembles,toys,assemble,child toys,1
771,force,assembled,preparations,assemble,force preparations,1
772,bishops,assembled,decrees,assemble,bishops decrees,1
773,components,assemble,components,assemble,components components,1
774,friends,assembled,adherents,assemble,friends adherents,1
775,institutions,assemble,capital,assemble,institutions capital,1
776,scholars,assembled,compendium,assemble,scholars compendium,1
777,vonSchwerin,assembled,men,assemble,vonSchwerin men,1
778,custom,assembled,unit,assemble,custom unit,1
779,people,assembled,computers,assemble,people computers,1
780,candidate,assembles,proposal,assemble,candidate proposal,1
781,reeve,assembled,men,assemble,reeve men,1
782,authors,assemble,bulk,assemble,authors bulk,1
783,teams,assemble,triangles,assemble,teams triangles,1
784,colonel,assembled,chain,assemble,colonel chain,1
785,website,assembled,libraries,assemble,website libraries,1
786,army,assembled,rations,assemble,army rations,1
787,library,assembled,collection,assemble,library collection,1
788,crowd,assembled,upwards,assemble,crowd upwards,1
789,editors,assembled,issue,assemble,editors issue,1
790,teams,assembled,mishaps,assemble,teams mishaps,1
791,information,assembled,funds,assemble,information funds,1
792,crates,assembled,plane,assemble,crates plane,1
793,pieces,assembled,onsite,assemble,pieces onsite,1
794,leaders,assembled,council,assemble,leaders council,1
795,dozens,assembled,runway,assemble,dozens runway,1
796,base,assembling,aircraft,assemble,base aircraft,1
797,volunteers,assembled,ball,assemble,volunteers ball,1
798,citizens,assembled,firearms,assemble,citizens firearms,1
799,chiefs,assembled,followers,assemble,chiefs followers,1
800,plant,assembles,models,assemble,plant models,1
801,king,assembled,coalition,assemble,king coalition,1
802,interpreter,assemble,results,assemble,interpreter results,1
803,customers,assemble,dishes,assemble,customers dishes,1
804,government,assembled,fleet,assemble,government fleet,1
805,justice,assembled,jury,assemble,justice jury,1
806,finalists,assemble,buffets,assemble,finalists buffets,1
807,controllers,assembled,line,assemble,controllers line,1
808,guns,assembled,troops,assemble,guns troops,1
809,factories,assemble,equipment,assemble,factories equipment,1
810,definitions,assembles,governors,assemble,definitions governors,1
811,woman,assembles,pieces,assemble,woman pieces,1
812,company,assembled,models,assemble,company models,1
813,performance,assembled,lineup,assemble,performance lineup,1
814,founders,assembled,team,assemble,founders team,1
815,townsfolk,assembled,suit,assemble,townsfolk suit,1
816,producers,assemble,cast,assemble,producers cast,1
817,consul,assembled,army,assemble,consul army,1
818,defendants,assembled,team,assemble,defendants team,1
819,latter,assembled,armies,assemble,latter armies,1
820,organization,assembled,thousands,assemble,organization thousands,1
821,somebody,assembled,book,assemble,somebody book,1
822,machine,assembles,matrices,assemble,machine matrices,1
823,troops,assembled,concern,assemble,troops concern,1
824,band,assembled,piece,assemble,band piece,1
825,microtubules,assemble,structure,assemble,microtubules structure,1
826,sandhogs,assembled,segments,assemble,sandhogs segments,1
827,section,assembled,information,assemble,section information,1
828,customers,assemble,meals,assemble,customers meals,1
829,scientists,assembled,skeleton,assemble,scientists skeleton,1
830,episcopal,assembles,pope,assemble,episcopal pope,1
831,studio,assembled,staff,assemble,studio staff,1
832,wolfpacks,assembled,contact,assemble,wolfpacks contact,1
833,widow,assembled,pages,assemble,widow pages,1
834,successor,assembles,robbers,assemble,successor robbers,1
835,developers,assembled,acreage,assemble,developers acreage,1
836,curators,assembled,list,assemble,curators list,1
837,engineers,assembled,one,assemble,engineers one,1
838,latter,assembled,publishers,assemble,latter publishers,1
839,craftsman,assembled,sections,assemble,craftsman sections,1
840,company,assembled,buses,assemble,company buses,1
841,army,assembled,troops,assemble,army troops,1
842,people,assembled,warnings,assemble,people warnings,1
843,number,assembled,dealer,assemble,number dealer,1
844,caliph,assembled,council,assemble,caliph council,1
845,person,assemble,chorus,assemble,person chorus,1
846,encyclopedias,assembled,one,assemble,encyclopedias one,1
847,court,assembles,testimony,assemble,court testimony,1
848,editors,assembled,footage,assemble,editors footage,1
849,trainers,assemble,langsaranan,assemble,trainers langsaranan,1
850,meetings,assemble,representatives,assemble,meetings representatives,1
851,polymers,assembles,themself,assemble,polymers themself,1
852,process,assembles,distribution,assemble,process distribution,1
853,workmen,assembling,dancefloor,assemble,workmen dancefloor,1
854,factory,assembled,aircraft,assemble,factory aircraft,1
855,album,assembles,arsenal,assemble,album arsenal,1
856,chiefs,assembled,force,assemble,chiefs force,1
857,show,assembled,alumni,assemble,show alumni,1
858,lakhs,assemble,dip,assemble,lakhs dip,1
859,agents,assembled,proof,assemble,agents proof,1
860,album,assembles,hits,assemble,album hits,1
861,mechanome,assembles,features,assemble,mechanome features,1
862,exhibition,assembled,works,assemble,exhibition works,1
863,draft,assembled,rail,assemble,draft rail,1
864,whole,assembled,congress,assemble,whole congress,1
865,cast,assembled,length,assemble,cast length,1
866,such,assembling,particles,assemble,such particles,1
867,chapter,assembles,years,assemble,chapter years,1
868,collection,assemble,contributions,assemble,collection contributions,1
869,gunners,assembled,artillery,assemble,gunners artillery,1
870,government,assembled,regiments,assemble,government regiments,1
871,organization,assembles,groups,assemble,organization groups,1
872,buildings,assemble,vehicles,assemble,buildings vehicles,1
873,characters,assemble,materials,assemble,characters materials,1
874,inhabitants,assembled,night,assemble,inhabitants night,1
875,group,assembled,creation,assemble,group creation,1
876,founders,assemble,panel,assemble,founders panel,1
877,lighthouse,assembled,numbers,assemble,lighthouse numbers,1
878,latter,assembled,team,assemble,latter team,1
879,population,assembles,fleet,assemble,population fleet,1
880,foundry,assembled,components,assemble,foundry components,1
881,administration,assembled,force,assemble,administration force,1
882,refugees,assembled,life,assemble,refugees life,1
883,camp,assembles,amount,assemble,camp amount,1
884,version,assembled,force,assemble,version force,1
885,gift,assembled,gift,assemble,gift gift,1
886,father,assembled,family,assemble,father family,1
887,aircraft,assemble,arm,assemble,aircraft arm,1
888,men,assembled,successors,assemble,men successors,1
889,ships,assembled,honors,assemble,ships honors,1
890,two,assembled,album,assemble,two album,1
891,heroes,assembled,base,assemble,heroes base,1
892,researchers,assembled,data,assemble,researchers data,1
893,fraternities,assembled,novelty,assemble,fraternities novelty,1
894,station,assembled,acts,assemble,station acts,1
895,band,assembled,group,assemble,band group,1
896,musicians,assemble,member,assemble,musicians member,1
897,rest,assembled,comrades,assemble,rest comrades,1
898,team,assemble,majority,assemble,team majority,1
899,manager,assembled,defence,assemble,manager defence,1
900,gang,assembled,engines,assemble,gang engines,1
901,player,assemble,crew,assemble,player crew,1
902,students,assembled,members,assemble,students members,1
903,viruses,assemble,envelope,assemble,viruses envelope,1
904,sides,assembled,forces,assemble,sides forces,1
905,activities,assemble,information,assemble,activities information,1
906,components,assembled,whatever,assemble,components whatever,1
907,player,assembles,clues,assemble,player clues,1
908,crowd,assembled,windows,assemble,crowd windows,1
909,user,assembles,resources,assemble,user resources,1
910,men,assembled,team,assemble,men team,1
911,police,assemble,case,assemble,police case,1
912,firms,assemble,models,assemble,firms models,1
913,papal,assembled,episcopate,assemble,papal episcopate,1
914,houses,assembled,chamber,assemble,houses chamber,1
915,group,assembled,musicians,assemble,group musicians,1
916,owners,assembled,ten,assemble,owners ten,1
917,author,assembles,cast,assemble,author cast,1
918,show,assembles,panel,assemble,show panel,1
919,editor,assembled,chapters,assemble,editor chapters,1
920,humanoid,assembled,adventures,assemble,humanoid adventures,1
921,front,assembled,cabinet,assemble,front cabinet,1
922,rhizoxin,assembled,microtubules,assemble,rhizoxin microtubules,1
923,team,assembled,demo,assemble,team demo,1
924,runners,assembled,field,assemble,runners field,1
925,commander,assembled,inhabitants,assemble,commander inhabitants,1
926,project,assembled,database,assemble,project database,1
927,pretties,assembled,objects,assemble,pretties objects,1
928,deLay,assembled,version,assemble,deLay version,1
929,organization,assembled,titles,assemble,organization titles,1
930,widow,assembled,children,assemble,widow children,1
931,group,assembled,constitution,assemble,group constitution,1
932,exhibition,assembling,projects,assemble,exhibition projects,1
933,operator,assembles,slices,assemble,operator slices,1
934,member,assembles,musicians,assemble,member musicians,1
935,congregation,assembled,families,assemble,congregation families,1
936,couple,assembled,archive,assemble,couple archive,1
937,contestants,assemble,barbecue,assemble,contestants barbecue,1
938,group,assembled,meeting,assemble,group meeting,1
939,year,assembled,compilation,assemble,year compilation,1
940,team,assembled,caravan,assemble,team caravan,1
941,squadron,assembled,part,assemble,squadron part,1
942,crowd,assembles,demonstration,assemble,crowd demonstration,1
943,pensionnaires,assembled,collection,assemble,pensionnaires collection,1
944,three,assembled,team,assemble,three team,1
945,windows,assembled,onsite,assemble,windows onsite,1
946,two,assembled,publisher,assemble,two publisher,1
947,company,assembled,thermostats,assemble,company thermostats,1
948,tree,assembles,forests,assemble,tree forests,1
949,researchers,assemble,parts,assemble,researchers parts,1
950,flight,assembled,members,assemble,flight members,1
951,player,assembles,army,assemble,player army,1
952,prosecution,assembled,evidence,assemble,prosecution evidence,1
953,woman,assembled,people,assemble,woman people,1
954,body,assembled,demands,assemble,body demands,1
955,troops,assembled,execution,assemble,troops execution,1
956,region,assembled,data,assemble,region data,1
957,size,assembles,interactions,assemble,size interactions,1
958,group,assembled,formation,assemble,group formation,1
959,aircraft,assembled,hangar,assemble,aircraft hangar,1
960,editor,assembles,shots,assemble,editor shots,1
961,organizers,assembled,masses,assemble,organizers masses,1
962,machinery,assembles,devices,assemble,machinery devices,1
963,remnant,assembled,west,assemble,remnant west,1
964,partnership,assembles,trucks,assemble,partnership trucks,1
965,forefathers,assembled,oath,assemble,forefathers oath,1
966,community,assembled,weekly,assemble,community weekly,1
967,house,assembled,crane,assemble,house crane,1
968,members,assembled,thousands,assemble,members thousands,1
969,government,assembled,troops,assemble,government troops,1
970,staff,assembled,team,assemble,staff team,1
971,men,assemble,decision,assemble,men decision,1
972,band,assembled,recordings,assemble,band recordings,1
973,foundries,assemble,castings,assemble,foundries castings,1
974,men,assembled,index,assemble,men index,1
975,sheriff,assembled,deputies,assemble,sheriff deputies,1
976,sections,assembled,coast,assemble,sections coast,1
977,artists,assemble,objects,assemble,artists objects,1
978,any,assembled,meeting,assemble,any meeting,1
979,two,assembled,squad,assemble,two squad,1
980,organizers,assembled,jury,assemble,organizers jury,1
981,people,assembled,address,assemble,people address,1
982,countries,assemble,versions,assemble,countries versions,1
983,company,assemble,kits,assemble,company kits,1
984,group,assembled,genome,assemble,group genome,1
985,model,assembled,number,assemble,model number,1
986,rulers,assemble,couples,assemble,rulers couples,1
987,men,assemble,explosives,assemble,men explosives,1
988,company,assembling,motors,assemble,company motors,1
989,conquests,assembled,kingdom,assemble,conquests kingdom,1
990,defence,assembled,alibi,assemble,defence alibi,1
991,book,assembled,illustrations,assemble,book illustrations,1
992,player,assemble,forces,assemble,player forces,1
993,models,assembled,player,assemble,models player,1
994,organbuilders,assembled,one,assemble,organbuilders one,1
995,dress,assembled,pattern,assemble,dress pattern,1
996,portion,assembled,persons,assemble,portion persons,1
997,watchmakers,assemble,components,assemble,watchmakers components,1
998,nobles,assembled,squadrons,assemble,nobles squadrons,1
999,force,assembled,soldiers,assemble,force soldiers,1
1000,examples,assembled,years,assemble,examples years,1
1001,authorities,assembled,dossier,assemble,authorities dossier,1
1002,band,assembles,kind,assemble,band kind,1
1003,newspapers,assembled,pages,assemble,newspapers pages,1
1004,group,assembled,songs,assemble,group songs,1
1005,macromolecules,assemble,substrates,assemble,macromolecules substrates,1
1006,leaders,assembled,kurultai,assemble,leaders kurultai,1
1007,commission,assembled,set,assemble,commission set,1
1008,commander,assembled,force,assemble,commander force,1
1009,hunters,assembled,trap,assemble,hunters trap,1
1010,rebels,assembled,fleet,assemble,rebels fleet,1
1011,grandfather,assembled,mob,assemble,grandfather mob,1
1012,citizens,assembled,chief,assemble,citizens chief,1
1013,birds,assemble,beasts,assemble,birds beasts,1
1014,judge,assembles,mob,assemble,judge mob,1
1015,forces,assembled,staff,assemble,forces staff,1
1016,company,assembled,airplanes,assemble,company airplanes,1
1017,wall,assembled,potters,assemble,wall potters,1
1018,label,assembled,compilation,assemble,label compilation,1
1019,exhibition,assembles,collection,assemble,exhibition collection,1
1020,complex,assembles,snRNA,assemble,complex snRNA,1
1021,parts,assembled,vehicle,assemble,parts vehicle,1
1022,engineers,assembled,bridge,assemble,engineers bridge,1
1023,nominees,assemble,barbecue,assemble,nominees barbecue,1
1024,princes,assemble,forces,assemble,princes forces,1
1025,mob,assembled,effigy,assemble,mob effigy,1
1026,anthologists,assembled,collections,assemble,anthologists collections,1
1027,building,assembled,dignitaries,assemble,building dignitaries,1
1028,group,assembled,rest,assemble,group rest,1
1029,book,assembles,congeries,assemble,book congeries,1
1030,promoters,assembled,team,assemble,promoters team,1
1031,counties,assembled,vote,assemble,counties vote,1
1032,somebody,assemble,parts,assemble,somebody parts,1
1033,club,assembled,team,assemble,club team,1
1034,field,assembled,command,assemble,field command,1
1035,conspirators,assembled,people,assemble,conspirators people,1
1036,user,assembles,mosaic,assemble,user mosaic,1
1037,children,assembled,dollhouse,assemble,children dollhouse,1
1038,staff,assembled,bible,assemble,staff bible,1
1039,capitulum,assembled,resignation,assemble,capitulum resignation,1
1040,chief,assembled,staff,assemble,chief staff,1
1041,topics,assembled,keep,assemble,topics keep,1
1042,commissioners,assemble,court,assemble,commissioners court,1
1043,organisers,assembled,friends,assemble,organisers friends,1
1044,studio,assembled,executives,assemble,studio executives,1
1045,group,assembled,performance,assemble,group performance,1
1046,man,assembled,springs,assemble,man springs,1
1047,queen,assembled,cadre,assemble,queen cadre,1
1048,design,assembles,material,assemble,design material,1
1049,parade,assembles,start,assemble,parade start,1
1050,collector,assembled,paint,assemble,collector paint,1
1051,investors,assembled,venture,assemble,investors venture,1
1052,government,assembled,judges,assemble,government judges,1
1053,band,assembled,touring,assemble,band touring,1
1054,teams,assembled,rosters,assemble,teams rosters,1
1055,troops,assembled,earthworks,assemble,troops earthworks,1
1056,leaders,assembled,hundreds,assemble,leaders hundreds,1
1057,competition,assembled,housing,assemble,competition housing,1
1058,knights,assembled,ships,assemble,knights ships,1
1059,assent,assembled,majesty,assemble,assent majesty,1
1060,producers,assembled,minutes,assemble,producers minutes,1
1061,program,assembled,team,assemble,program team,1
1062,protomers,assemble,dimer,assemble,protomers dimer,1
1063,division,assembled,tractor,assemble,division tractor,1
1064,regiment,assembled,order,assemble,regiment order,1
1065,walls,assembled,structures,assemble,walls structures,1
1066,fleet,assembled,sail,assemble,fleet sail,1
1067,team,assembling,segments,assemble,team segments,1
1068,virus,assembles,cell,assemble,virus cell,1
1069,people,assemble,deputies,assemble,people deputies,1
1070,friends,assembled,band,assemble,friends band,1
1071,suffragans,assembled,metropolitan,assemble,suffragans metropolitan,1
1072,bacteriophage,assembles,structure,assemble,bacteriophage structure,1
1073,grid,assembles,elements,assemble,grid elements,1
1074,residents,assembled,collection,assemble,residents collection,1
1075,murderers,assembled,materials,assemble,murderers materials,1
1076,party,assembled,provisions,assemble,party provisions,1
